2597 7.967 155.612 107.642 245.328 93.91984411863281
410 0.156 39.001 34.763 90.839 22.699657159094578
71 0 4.965 8.794 18.167 94.89658232607219
323 0.005 5.254 18.76 46.332 33.593664992505104
323 0.022 9.968 23.407 46.104 38.92165196478488
317 0 6.165 27.002 61.388 41.171408101842665
276 0.196 8.705 27.276 57.8 21.29609114293999
244 0 10.884 26.065 55.36 23.17312503990615
217 5.464 15.788 27.991 59.055 25.419723529015613
238 0.013 6.585 18.929 39.648 33.47311855313202
718 4.595 8.736 19.97 62.631 12.601906292043786
182 0 9.022 21.9 48 19.698577612661726
410 0.157 8.26 41.665 79.405 54.10815588715192
208 0.032 3.265 15.783 33.758 78.25994348604193
193 3.248 13.911 16.665 36.686 83.15703368149931
222 0.027 8.783 24.975 59.062 31.498893947993835
172 0.083 2.562 10.306 22.865 76.8370139031175
42 0 5.21 28.482 41.455 46.906064446397
201 0.166 6.958 17.003 37.938 78.06250421277373
208 0.229 20.858 7.58 25.539 23.68390618563696
49 0.032 0.857 2.587 8.317 38.81658607308339
177 0.323 5.278 15.262 32.211 76.70733328591069
171 0.069 14.576 8.329 23.106 56.82235852402194
78 1.937 2.65 10.257 19.468 30.413019550212372
279 0.881 1.243 6.773 31.318 68.56836435165975
111 0 5.868 15.349 34.86 66.06477870320839
63 0.038 0.479 12.893 18.903 5.844742643070655
190 0.133 2.745 8.451 21.711 3.531644313805593
64 0 1.396 6.476 11.903 97.1674426574408
5 0 2.283 0.174 2.21 25.64750522676085
26 0.015 0.398 2.034 4.543 6.850530597194682
128 0.001 3.257 8.177 16.846 59.23341482257013
65 0.025 0.455 7.975 14.988 90.79239458213311
107 0.11 7.808 7.892 17.013 14.444205923043718
539 0.113 11.473 37.244 80.333 52.54231463786788
60 0.005 1.177 9.236 17.718 17.71870932040891
41 0.014 2.117 4.925 15.77 46.80471287961079
92 1.54 3.43 7.445 18.589 52.65393784531193
127 0.054 1.009 8.668 18.233 32.82321531100353
138 6.169 7.224 28.609 53.769 28.3246006844425
92 0.01 1.333 6.985 14.971 91.7744250619704
39 0.756 1.588 6.087 12.186 11.450002270787497
83 0.27 1.193 9.833 16.735 74.70266889903483
283 0.097 5.166 7.286 22.817 68.7725749188445
258 0.311 2.082 4.525 18.106 78.46540822555129
89 0.072 0.937 7.686 14.835 80.12400799696697
91 0.027 0.226 4.782 12.186 56.971551409967006
137 0.103 3.06 4.82 11.824 19.954686279249223
79 0.174 0.917 3.743 10.113 10.299623412540493
26 0.005 0.197 1.437 3.045 77.6784191813203
14 0 0.385 6.804 10.055 54.143053889609526
64 0.108 0.669 6.544 12.463 7.948902392417622
41 0.017 0.092 2.383 5.972 69.90713588663286
11 0 0.346 1.041 2.551 79.10383406025392
38 0 0.126 0.797 2.674 97.33428595025507
116 0.169 2.44 6.382 19.341 20.580783276771243
136 0.43 2.297 5.04 16.218 18.69586498520861
94 0.028 0.469 2.573 9.785 29.89851298154479
16 0.01 0.123 1.914 4.104 34.245836856658215
75 0 1.95 6.828 13.246 34.49818265718155
73 0.021 1.345 3.174 7.86 29.722058094748117
39 0 1.095 7.55 11.566 59.023905702063175
65 0.03 1.05 3.615 8.023 97.62694536344999
132 0.088 0.339 2.141 7.647 91.91629091507926
44 0.007 0.063 2.127 9.363 69.41788251851618
46 0.028 1.756 5.487 9.007 19.701256515347698
64 0.009 1.665 4.515 9.963 40.571741089023696
93 0.023 0.28 1.89 8.271 95.36565531759163
77 0.011 1.054 4.49 9.49 59.361801595444064
40 0.032 0.948 2.545 8.258 63.38637211525522
39 0.053 0.967 3.084 6.512 43.35513658740447
44 0.009 0.754 2.721 6.344 57.05143465582888
85 0.132 2.915 7.485 14.264 30.19970177184963
55 0 0.84 4.357 8.875 7.740507139421105
27 0.005 1.269 2.825 5.281 1.5058764593381513
47 0 0.461 1.873 5.076 92.201100242252
32 0 0.311 1.564 5.256 69.54169403578653
14 0 1.512 5.679 7.385 48.62433654059545
45 0.458 0.817 5.208 8.501 75.01820386331156
84 0.004 1.093 2.26 6.756 27.66161572967557
317 0 5.708 2.87 19.941 21.66768336061926
24 0.002 1.615 1.732 3.931 99.59175002557448
2 0 0 0 0.235 40.22495078619919
46 0.086 0.187 2.788 6.556 28.877862021501844
22 0.013 0.401 0.657 1.99 0.08133211455462197
45 0.001 0.681 4.26 7.421 34.66320540110166
36 0 0.917 2.577 5.464 5.000850592871464
20 0 0.246 5.669 8.932 96.85038583023841
32 0 1.011 4.257 7.139 94.52634783774194
43 0.021 0.932 3.192 7.309 86.79246496142116
18 0.015 0.181 1.737 2.942 44.44940536529322
36 0 0.282 3.5 6.157 68.28242838712859
25 0.006 0.106 3.901 5.476 4.2500619867465
19 0.068 0.165 2.386 4.229 59.78734636075015
37 0.039 0.151 0.327 2.051 39.20208498727301
83 0.012 1.188 2.214 7.153 73.47655609750471
31 0.001 0.176 1.645 4.152 57.57035017251814
56 0.02 0.822 3.738 7.475 86.50758228470883
25 0.096 0.388 3.275 5.65 25.819744354824024
44 0.002 0.291 4.318 8.141 77.00875926587712
24 0 0.187 1.549 3.302 14.257966293098502
44 0 0.243 4.868 9.002 27.119085865289083
26 0.009 0.304 1.103 3.328 42.90499458702016
45 0.057 0.093 2.207 5.186 65.15067152132143
52 0.009 0.442 1.704 4.553 51.24310541882061
34 0.034 0.63 2.596 5.723 54.110540229253665
6 0 0.097 0.678 1.246 98.34440769254726
34 0.038 0.365 3.206 5.817 94.4870767607677
44 0.009 1.075 1.743 5.012 98.88005456674162
34 0.12 0.384 1.707 3.843 1.0401874730956995
49 0.274 1.34 2.688 6.35 26.163424315925642
41 0.007 0.875 3.829 6.385 7.376146979024723
105 0.05 0.672 8.943 16.54 67.07656966609721
38 0.017 0.787 2.624 4.97 64.2519765527236
42 0.066 0.288 3.168 6.332 64.13243051157161
27 0.001 0.135 1.569 3.342 2.5926359264488164
34 0 0.237 1.331 3.676 34.28841490247431
25 0.027 0.03 0.695 2.661 18.483228645570403
21 0.001 5.51 0.883 2.232 56.693904171299636
20 0 0.615 2.141 4.418 72.02146279756374
26 0.146 0.26 1.606 3.696 48.82599517625028
44 0 0.888 1.848 5.294 22.42922073090431
46 0.629 1.39 1.835 8.995 69.12010427232076
45 0.006 0.566 1.829 6.421 74.93807059815542
23 0.001 0.497 1.326 3.217 45.25694805412163
38 0 0.047 1.836 4.267 25.138140196666747
42 0 0.157 1.441 4.797 14.925553483513443
42 0.153 0.326 1.829 4.6 41.4726864920553
24 0.004 0.235 1.405 3.481 87.70873267524617
29 0.029 0.086 0.741 2.621 15.059785896128485
8 0.001 0.04 1.663 2.342 15.431152307649965
20 0 7.558 2.645 6.156 12.565159561416884
25 0.005 0.106 1.558 3.035 34.877035499082176
31 0.005 0.266 1.962 4.826 75.0958041403033
28 0 0.204 2.482 4.855 79.24308992145438
17 0.153 0.109 1.761 3.286 61.7337548375829
15 0 0.124 1.269 2.439 11.495112486885617
15 0.025 0.087 0.179 1.068 93.7613154877202
48 0.335 0.225 1.175 3.337 55.327270435095976
13 0 0.218 1.13 2.723 72.49640244098883
14 0 0.528 1.439 2.596 38.79812565019055
80 0.346 0.329 1.917 7.117 76.87451386482141
69 0 0.592 11.42 17.57 56.41868034497337
20 0.002 0.161 2.22 4.647 67.03516045387151
24 0 0.079 1.047 2.538 32.85088423508753
11 0.003 0.056 1.338 2.287 25.904411134316796
4 0.02 0.054 0.496 0.98 72.83965036243356
9 0.011 0.074 0.632 1.437 54.47761042054389
18 0.007 0.916 2.104 3.89 30.523195412839765
26 0.007 0.224 1.85 3.537 12.529809658230462
11 0.015 0.269 0.628 1.579 60.1356334588576
40 0 0.113 1.283 3.485 17.20856842159827
12 0 0.274 1.385 2.621 38.27704099309363
17 0.005 0.114 2.022 3.597 82.30478531782421
11 0.033 0.026 0.374 0.856 42.92995037581249
22 0.001 0.112 0.755 3.506 84.30002674859882
2 0 0.092 0.246 0.379 25.62238658450653
22 0.006 0.253 2.329 3.69 5.700144070676394
22 0 0.382 0.951 2.386 34.1708943940878
8 0 0.094 0.323 1.484 4.312442867756483
10 0 0.397 0.9 1.807 43.289876781440306
20 0 0.029 0.749 2.667 66.91518997673172
28 0 0.435 0.771 2.188 87.68704251076159
34 0 0.232 0.901 2.519 90.50183065971184
16 0.038 0.158 1.158 1.942 84.43093818478269
19 0.001 0.346 2.702 4.292 77.33000916789634
17 0.227 0.5 0.025 1.551 45.89991560200852
8 0 0.066 0.382 0.866 29.949969534834175
13 0 0.178 0.644 1.744 16.614547296470693
15 0.023 0.204 0.827 1.74 51.33541440092836
15 0 0.118 0.195 1.113 57.396649147794754
22 0.063 0.07 1.078 3.066 50.54323326187568
26 0.118 0.278 0.314 1.85 84.24676758419851
12 0.018 0.22 0.551 2.216 61.120788823977776
12 0 0.204 0.817 1.588 14.151750900390446
11 0.036 0.256 0.146 1.647 12.975187778754693
17 0.001 0.284 0.687 1.907 80.79363500194626
7 0.001 0.02 1.505 2.284 99.26016587852907
14 0 0.036 1.179 2.749 4.715455696631565
30 0.081 0.401 1.343 3.338 72.57670508685739
18 0 0.045 0.986 1.85 64.24437598516185
10 0.018 0.17 1.007 1.907 52.69586288216803
15 0.027 0.558 1.153 2.181 25.84513540179073
10 0 0.042 1.501 2.617 46.30402921859097
11 0.003 0.043 0.547 1.156 74.37317799326865
8 0 0.028 0.878 3.801 83.01017739252072
10 0.003 0.068 0.913 1.687 90.24065810786047
13 0.259 0.056 1.54 2.555 83.27037677683293
26 0 0.045 0.66 3.054 11.306449746469694
16 0 0.131 0.775 1.776 7.0186305505900215
9 0 0.08 0.591 1.045 42.89517764268219
23 0.007 0.751 0.808 1.982 62.62069437587139
10 0 0.111 1.315 2.612 91.62173053744068
56 0.04 0.611 2.407 5.494 65.62361053120546
58 0.309 0.196 0.796 3.658 99.79284041782793
25 0.019 0.362 0.486 2.149 15.256005904709902
7 0 0.097 0.723 1.411 5.863132578779262
6 0 0.045 0.357 0.881 84.04870427273684
18 0.008 0.152 1.272 2.764 27.43101552231939
4 0 0.021 0.149 0.337 0.7494489762003065
14 0.021 0.104 0.821 1.745 66.9876909887007
29 0.018 0.049 0.277 1.613 58.773944850474315
9 0 0.041 0.483 0.786 6.587302760750246
8 0 0.077 0.077 0.917 91.73763003372592
16 0.003 0.547 0.813 1.98 92.97913168459546
4 0.001 0.084 1.025 1.288 34.754613967622696
11 0 0.085 0.681 1.33 95.09380820531506
7 0.13 0.096 0.707 1.567 11.19892787032506
12 0 0.25 0.795 1.455 57.02899553394517
7 0 0.022 0.49 0.931 59.4531949767557
9 0 0.128 0.571 1.203 69.9581520607239
9 0.012 0.298 0.565 1.25 46.9399482341056
7 0.006 0.085 0.428 0.992 44.71039230472815
10 0.047 0.237 0.286 1.1 30.82110423658162
8 0 0.128 0.406 1.165 33.087233655252454
4 0 0.064 0.372 0.979 56.766048526370085
11 0 0.039 0.341 1.595 61.45699992181564
9 0 0.258 0.26 1.561 5.1951157485323645
2 0.008 0.011 0.007 0.542 97.05130810449315
6 0.016 0.032 0.605 1.168 79.07949907418332
14 0.036 0.189 0.306 1.031 36.445693589967036
6 0.129 0.056 0.453 0.817 79.18191396591439
8 0 0.131 1.508 2.187 30.97068349796266
20 0.008 0.038 0.273 1.303 97.77828916738798
8 0 0.018 0.308 0.781 82.77257185471026
11 0 0.199 1.528 2.345 53.04385944613975
5 0.015 0.24 0.089 0.465 21.90447828468708
6 0.008 0.121 0.355 0.644 10.108255388118447
6 0.001 0.041 0.125 0.446 49.61740152683698
7 0.022 0.08 0.054 0.277 90.71389680176942
3 0.001 0.011 0.156 0.535 53.10234187542655
9 0.097 0.044 0.847 1.309 92.13088903252152
7 0 0.026 1.93 2.705 39.249801209286886
5 0.096 0.006 0.184 0.481 23.102890951808508
10 0.099 0.102 0.095 0.747 74.97515894820609
2 0 0.083 0.629 0.931 77.24176178637933
9 0 0.021 0.01 0.489 72.25894082664865
2 0.015 0.008 0.012 0.378 38.56087036002391
4 0 0.03 0.368 0.6 46.17402477086755
5 0 0.3 0.074 0.604 68.36711112098557
4 0.09 0.003 0.055 0.295 60.638335929287
7 0.002 0.033 0.123 0.363 45.495733217280254
8 0 0.175 0.034 0.54 53.669123587101616
1 0 0.006 0.205 0.367 72.90173132175022
2 0.007 0.071 0.159 0.413 19.521591990471997
4 0.004 0.017 0.124 0.344 71.04886653381203
4 0 0.025 0.065 0.319 4.116633541693082
4 0 0.001 0.051 0.408 2.4848137541993554
5 0 0.017 0.097 0.313 25.42727593069899
4 0.005 0.01 0.081 0.302 34.024340781093024
